0 0.092
1 0.092
2 0.091
3 0.091
4 0.089
5 0.088
6 0.088
7 0.087
8 0.086
9 0.085
10 0.085
11 0.084
12 0.084
13 0.083
14 0.083
15 0.082
16 0.083
17 0.08
18 0.08
19 0.078
20 0.079
24 0.08
28 0.08
29 0.08
33 0.079
34 0.079
35 0.079
39 0.079
40 0.08
44 0.08
45 0.079
46 0.08
47 0.078
48 0.079
52 0.078
56 0.079
57 0.079
58 0.078
59 0.077
60 0.077
64 0.075
65 0.074
66 0.073
67 0.074
71 0.073
72 0.073
74 0.072
75 0.071
76 0.069
77 0.071
81 0.07
82 0.071
86 0.071
87 0.07
88 0.07
92 0.07
93 0.07
97 0.073
101 0.071
105 0.072
106 0.073
108 0.073
112 0.073
116 0.073
120 0.073
121 0.073
122 0.074
126 0.075
130 0.074
131 0.073
135 0.074
139 0.073
140 0.074
144 0.074
148 0.074
152 0.074
153 0.074
157 0.074
158 0.075
162 0.074
166 0.075
169 0.075
173 0.074
174 0.075
178 0.075
179 0.075
183 0.075
184 0.075
188 0.076
192 0.076
196 0.076
197 0.075
198 0.076
202 0.076
204 0.076
208 0.075
209 0.075
210 0.076
212 0.076
216 0.075
220 0.075
221 0.076
225 0.075
226 0.076
227 0.075
228 0.076
229 0.076
233 0.075
234 0.075
235 0.075
239 0.076
243 0.075
244 0.075
248 0.076
249 0.077
250 0.077
254 0.076
255 0.076
256 0.077
260 0.076
261 0.076
265 0.076
266 0.076
267 0.076
268 0.077
272 0.076
273 0.077
277 0.076
278 0.077
279 0.076
283 0.078
286 0.077
290 0.078
294 0.078
295 0.079
299 0.077
300 0.077
304 0.078
307 0.077
308 0.078
312 0.077
313 0.079
317 0.079
321 0.078
322 0.078
323 0.078
324 0.079
328 0.079
332 0.079
334 0.079
335 0.08
339 0.08
343 0.08
344 0.08
348 0.081
350 0.081
354 0.081
355 0.081
359 0.081
360 0.081
361 0.081
362 0.082
366 0.082
370 0.083
374 0.082
378 0.082
379 0.082
380 0.083
384 0.082
385 0.082
389 0.082
391 0.082
392 0.082
396 0.083
400 0.084
404 0.083
406 0.084
410 0.083
411 0.083
412 0.084
416 0.083
418 0.084
422 0.084
423 0.084
427 0.084
431 0.084
432 0.084
433 0.084
437 0.084
441 0.084
442 0.083
443 0.084
447 0.084
451 0.084
452 0.084
456 0.084
460 0.084
464 0.084
465 0.084
466 0.084
467 0.084
471 0.084
472 0.084
473 0.084
477 0.084
478 0.084
480 0.084
484 0.084
488 0.084
490 0.084
494 0.084
498 0.084
499 0.084
503 0.084
504 0.084
508 0.085
511 0.085
515 0.084
516 0.085
520 0.085
523 0.085
524 0.085
525 0.084
526 0.084
530 0.084
531 0.085
535 0.084
536 0.085
540 0.085
544 0.085
545 0.085
548 0.086
552 0.085
553 0.085
554 0.086
558 0.086
562 0.086
566 0.086
567 0.086
571 0.086
575 0.086
576 0.086
580 0.086
584 0.086
585 0.086
589 0.086
590 0.086
594 0.086
597 0.086
598 0.086
602 0.087
606 0.086
610 0.086
614 0.086
615 0.086
616 0.085
617 0.086
621 0.086
625 0.087
629 0.086
630 0.087
634 0.087
635 0.086
636 0.086
637 0.086
638 0.087
642 0.087
643 0.088
647 0.087
648 0.088
652 0.088
656 0.087
657 0.088
658 0.088
662 0.088
665 0.088
669 0.088
670 0.088
674 0.088
678 0.088
682 0.088
683 0.088
687 0.088
691 0.088
695 0.088
699 0.088
700 0.088
704 0.088
708 0.088
709 0.088
713 0.088
714 0.088
718 0.088
720 0.088
721 0.088
722 0.088
723 0.088
724 0.087
725 0.088
729 0.087
730 0.088
734 0.089
738 0.088
739 0.088
743 0.089
747 0.089
751 0.089
755 0.089
756 0.089
760 0.088
761 0.089
763 0.089
766 0.089
770 0.089
774 0.089
775 0.089
776 0.089
777 0.089
781 0.089
782 0.09
786 0.09
790 0.091
794 0.09
795 0.09
796 0.091
800 0.09
801 0.09
802 0.09
806 0.09
810 0.09
