0 0.093
1 0.092
2 0.092
3 0.097
7 0.093
8 0.096
12 0.092
13 0.094
15 0.091
17 0.094
19 0.089
21 0.092
24 0.088
26 0.09
29 0.087
32 0.09
36 0.086
38 0.087
42 0.084
43 0.088
47 0.085
49 0.086
53 0.085
54 0.085
58 0.084
62 0.084
63 0.085
67 0.085
71 0.085
74 0.085
75 0.086
79 0.085
80 0.086
84 0.085
85 0.086
89 0.085
90 0.086
94 0.085
95 0.086
99 0.085
100 0.086
104 0.085
105 0.085
109 0.085
110 0.085
114 0.084
115 0.085
119 0.084
120 0.085
124 0.083
125 0.085
129 0.084
130 0.084
131 0.083
132 0.084
136 0.083
137 0.085
141 0.084
143 0.084
147 0.084
148 0.084
152 0.083
156 0.083
157 0.084
160 0.084
164 0.083
165 0.084
169 0.083
173 0.083
177 0.084
181 0.083
182 0.084
183 0.084
187 0.084
188 0.084
192 0.084
196 0.084
200 0.084
201 0.084
205 0.084
206 0.084
210 0.084
211 0.084
212 0.085
216 0.084
217 0.085
220 0.085
224 0.084
225 0.085
228 0.085
232 0.085
233 0.085
234 0.085
235 0.085
239 0.084
240 0.084
244 0.084
245 0.084
249 0.084
250 0.085
254 0.085
255 0.085
259 0.084
260 0.085
264 0.084
265 0.085
269 0.084
270 0.085
273 0.084
274 0.085
278 0.084
280 0.084
284 0.084
287 0.084
291 0.084
295 0.084
296 0.085
300 0.084
301 0.085
304 0.085
308 0.085
309 0.085
310 0.084
312 0.085
316 0.084
319 0.084
323 0.085
324 0.085
328 0.085
332 0.085
333 0.085
337 0.086
338 0.086
342 0.086
345 0.086
349 0.085
350 0.086
354 0.085
355 0.085
358 0.085
362 0.085
363 0.086
367 0.085
368 0.086
372 0.085
373 0.086
377 0.086
378 0.086
381 0.086
382 0.087
383 0.087
387 0.086
388 0.087
392 0.086
393 0.087
394 0.086
398 0.086
402 0.087
403 0.087
404 0.087
408 0.087
412 0.088
415 0.088
419 0.087
423 0.088
427 0.087
428 0.088
432 0.088
433 0.087
434 0.088
438 0.088
440 0.088
443 0.088
446 0.088
448 0.089
452 0.088
453 0.089
457 0.088
459 0.089
463 0.088
465 0.089
469 0.088
473 0.089
477 0.088
479 0.089
483 0.089
486 0.09
490 0.089
494 0.09
498 0.088
500 0.089
502 0.089
506 0.09
510 0.089
514 0.089
518 0.089
522 0.089
523 0.089
526 0.09
530 0.089
531 0.09
535 0.089
536 0.09
540 0.089
542 0.09
546 0.089
547 0.09
551 0.088
552 0.089
556 0.089
557 0.089
561 0.089
562 0.089
566 0.09
569 0.089
571 0.089
575 0.09
579 0.089
580 0.09
584 0.089
585 0.089
589 0.089
590 0.09
594 0.089
595 0.09
599 0.089
603 0.09
604 0.09
608 0.089
610 0.09
614 0.09
615 0.09
619 0.089
620 0.09
624 0.09
628 0.09
632 0.089
633 0.09
637 0.089
638 0.09
639 0.09
643 0.089
644 0.09
648 0.089
649 0.09
653 0.09
656 0.09
660 0.089
661 0.09
665 0.089
666 0.09
670 0.089
671 0.09
675 0.09
676 0.09
680 0.09
681 0.09
685 0.09
686 0.09
690 0.089
691 0.09
695 0.089
699 0.089
700 0.09
704 0.089
705 0.09
709 0.089
713 0.09
714 0.089
717 0.089
721 0.089
725 0.089
726 0.089
730 0.089
732 0.089
736 0.089
737 0.089
739 0.089
743 0.089
747 0.088
748 0.089
752 0.089
753 0.09
757 0.088
758 0.089
762 0.088
763 0.089
767 0.088
768 0.09
772 0.088
773 0.088
